LazyMart Sales Report
Store #1
Item#     Jan      Feb      Mar   	 Apr		May		Jun		Jul		Aug			Sep		Oct      Nov      Dec
   1    1237.56  1543.23  1011.00   2101.88  2532.99  3100.00  3218.25  3005.34   2870.50  3287.25  1237.56  1543.23
   2     829.85   974.18   776.54    802.50   643.21  1237.56  1543.23  1011.00   2101.88  2532.99  2870.50  3287.25
   3    3100.00  3218.25  3005.34   2870.50  3287.25  3100.00  3218.25  3005.34   2870.50  3287.25  2870.50  3287.25
   4    1099.45  1573.75  1289.21   1100.00  1498.25  3100.00  3218.25  3005.34   2870.50  3287.25  1237.56  1543.23
   5    1237.56  1543.23  1011.00   2101.88  2532.99  3100.00  3218.25  3005.34   2870.50  3287.25  1237.56  1543.23
   6     829.85   974.18   776.54    802.50   643.21  1237.56  1543.23  1011.00   2101.88  2532.99  2870.50  3287.25
   7    3100.00  3218.25  3005.34   2870.50  3287.25  3100.00  3218.25  3005.34   2870.50  3287.25  2870.50  3287.25
   8    1099.45  1573.75  1289.21   1100.00  1498.25  3100.00  3218.25  3005.34   2870.50  3287.25  1237.56  1543.23
   9    1237.56  1543.23  1011.00   2101.88  2532.99  3100.00  3218.25  3005.34   2870.50  3287.25  1237.56  1503.23
  10     829.85   974.18   776.54    802.50   643.21  1237.56  1543.23  1011.00   2101.88   532.99  2870.50  3187.25
  11    3100.00  3218.25  3005.34   2870.50  3287.25  3100.00  3218.25  3005.34   2870.50  3287.25  2870.50  3287.25
  12    1099.45  1573.75  1289.21   1100.00  1498.25  3100.00  3218.25  3005.34   2870.50  3287.25  1237.56  1543.23
  13    1237.56  1543.23  1011.00   2101.88  2532.99  3100.00  3218.25  3005.34   2870.50  3287.25  1237.56  1943.23
  14     829.85   974.18   776.54    802.50   643.21  1237.56  1543.23  1011.00   2101.88  2532.99  2870.50  3287.25
  15    3100.00  3218.25  3005.34   2870.50  3287.25  3100.00  3218.25  3005.34   2870.50  3287.25  2870.50  3087.25
  16    1099.45  1573.75  1289.21   1100.00  1498.25  3100.00  3218.25  3005.34   2870.50  3287.25  1237.56  1593.23
  17    1237.56  1543.23  1011.00   2101.88  2532.99  3100.00  3218.25  3005.34   2870.50  3087.25  1237.56  1943.23
  18     829.85   974.18   776.54    802.50   643.21  1237.56  1543.23  1011.00   2101.88  2532.99  2870.50  3087.25
  19    3100.00  3218.25  3005.34   2870.50  3287.25  3100.00  3218.25  3005.34   2870.50  3287.25  2870.50  3287.25
  20    1099.45  1573.75  1289.21   1100.00  1498.25  3100.00  3218.25  3005.34   2870.50  3287.25  1237.56  1543.23
   
Store #2
Item#     Jan      Feb      Mar   	 Apr		May		Jun		Jul		Aug			Sep		Oct      Nov      Dec
   1     237.56   643.23   101.00   210.88  2532.99  3100.00  3218.25  3005.34   2870.50  3287.25  1237.56  1543.23
   2      29.85   974.18   776.54    80.50   643.21  1237.56  1543.23  1011.00   2101.88  2532.99  2870.50  3287.25
   3     100.00   218.25   305.34   2870.50  3287.25  3100.00  3218.25  3005.34   2870.50  3287.25  2870.50  3287.25
   4     199.45   573.75   289.21   1100.00  1498.25  3100.00  3218.25  3005.34   2870.50  3287.25  1237.56  1543.23
   5     237.56   543.23   111.00   2101.88  2532.99  3100.00  3218.25  3005.34   2870.50  3287.25  1237.56  1543.23
   6     829.85   274.18   776.54    802.50   643.21  1237.56  1543.23  1011.00   2101.88  2532.99  2870.50  3287.25
   7     100.00   328.25   305.34   2870.50  3287.25  3100.00  3218.25  3005.34   2870.50  3287.25  2870.50  3287.25
   8     199.45   453.75   289.21   1100.00  1498.25  3100.00  3218.25  3005.34   2870.50  3287.25  1237.56  1543.23
   9     237.56   643.23   411.00   2101.88  2532.99  3100.00  3218.25  3005.34   2870.50  3287.25  1237.56  1503.23
  10     829.85   774.18   776.54    802.50   643.21  1237.56  1543.23  1011.00   2101.88   532.99  2870.50  3187.25
  11     310.00   318.25   355.34   2870.50  3287.25  3100.00  3218.25  3005.34   2870.50  3287.25  2870.50  3287.25
  12     299.45   673.75   289.21   1100.00  1498.25  3100.00  3218.25  3005.34   2870.50  3287.25  1237.56  1543.23
  13     711.56   543.23   101.00   2101.88  2532.99  3100.00  3218.25  3005.34   2870.50  3287.25  1237.56  1943.23
  14     829.85   974.18   776.54    802.50   643.21  1237.56  1543.23  1011.00   2101.88  2532.99  2870.50  3287.25
  15     100.00   218.25   351.34   2870.50  3287.25  3100.00  3218.25  3005.34   2870.50  3287.25  2870.50  3087.25
  16      99.45   473.75   189.21   1100.00  1498.25  3100.00  3218.25  3005.34   2870.50  3287.25  1237.56  1593.23
  17     137.56   343.23   711.00   2101.88  2532.99  3100.00  3218.25  3005.34   2870.50  3087.25  1237.56  1943.23
  18     889.85   974.18   706.54    802.50   643.21  1237.56  1543.23  1011.00   2101.88  2532.99  2870.50  3087.25
  19     310.00   218.25   305.34   2870.50  3287.25  3100.00  3218.25  3005.34   2870.50  3287.25  2870.50  3287.25
  20     499.45   573.75   289.21   1100.00  1498.25  3100.00  3218.25  3005.34   2870.50  3287.25  1237.56  1543.23

Store #3
Item#     Jan      Feb      Mar   	 Apr		May		Jun		Jul		Aug			Sep		Oct      Nov      Dec
   1    1237.56  1543.23  1011.00   2101.88  2532.99  3100.00  3218.25  3005.34   2870.50  3287.25  1237.56  1543.23
   2     829.85   974.18   776.54    802.50   643.21  1237.56  1543.23  1011.00   2101.88  2532.99  2870.50  3287.25
   3    3100.00  3218.25  3005.34   2870.50  3287.25  3100.00  3218.25  3005.34   2870.50  3287.25  2870.50  3287.25
   4    1099.45  1573.75  1289.21   1100.00  1498.25  3100.00  3218.25  3005.34   2870.50  3287.25  1237.56  1543.23
   5    1237.56  1543.23  1011.00   2101.88  2532.99  3100.00  3218.25  3005.34   2870.50  3287.25  1237.56  1543.23
   6     829.85   974.18   776.54    802.50   643.21  1237.56  1543.23  1011.00   2101.88  2532.99  2870.50  3287.25
   7    3100.00  3218.25  3005.34   2870.50  3287.25  3100.00  3218.25  3005.34   2870.50  3287.25  2870.50  3287.25
   8    1099.45  1573.75  1289.21   1100.00  1498.25  3100.00  3218.25  3005.34   2870.50  3287.25  1237.56  1543.23
   9    1237.56  1543.23  1011.00   2101.88  2532.99  3100.00  3218.25  3005.34   2870.50  3287.25  1237.56  1503.23
  10     829.85   974.18   776.54    802.50   643.21  1237.56  1543.23  1011.00   2101.88   532.99  2870.50  3187.25
  11    3100.00  3218.25  3005.34   2870.50  3287.25  3100.00  3218.25  3005.34   2870.50  3287.25  2870.50  3287.25
  12    1099.45  1573.75  1289.21   1100.00  1498.25  3100.00  3218.25  3005.34   2870.50  3287.25  1237.56  1543.23
  13    1237.56  1543.23  1011.00   2101.88  2532.99  3100.00  3218.25  3005.34   2870.50  3287.25  1237.56  1943.23
  14     829.85   974.18   776.54    802.50   643.21  1237.56  1543.23  1011.00   2101.88  2532.99  2870.50  3287.25
  15    3100.00  3218.25  3005.34   2870.50  3287.25  3100.00  3218.25  3005.34   2870.50  3287.25  2870.50  3087.25
  16    1099.45  1573.75  1289.21   1100.00  1498.25  3100.00  3218.25  3005.34   2870.50  3287.25  1237.56  1593.23
  17    1237.56  1543.23  1011.00   2101.88  2532.99  3100.00  3218.25  3005.34   2870.50  3087.25  1237.56  1943.23
  18     829.85   974.18   776.54    802.50   643.21  1237.56  1543.23  1011.00   2101.88  2532.99  2870.50  3087.25
  19    3100.00  3218.25  3005.34   2870.50  3287.25  3100.00  3218.25  3005.34   2870.50  3287.25  2870.50  3287.25
  20    1099.45  1573.75  1289.21   1100.00  1498.25  3100.00  3218.25  3005.34   2870.50  3287.25  1237.56  1543.23


Store #4
Item#     Jan      Feb      Mar   	 Apr		May		Jun		Jul		Aug			Sep		Oct      Nov      Dec
   1    1237.56  1543.23  1011.00   2101.88  2532.99  3100.00  3218.25  3005.34   2870.50  3287.25  1237.56  1543.23
   2     829.85   974.18   776.54    802.50   643.21  1237.56  1543.23  1011.00   2101.88  2532.99  2870.50  3287.25
   3    3100.00  3218.25  3005.34   2870.50  3287.25  3100.00  3218.25  3005.34   2870.50  3287.25  2870.50  3287.25
   4    1099.45  1573.75  1289.21   1100.00  1498.25  3100.00  3218.25  3005.34   2870.50  3287.25  1237.56  1543.23
   5    1237.56  1543.23  1011.00   2101.88  2532.99  3100.00  3218.25  3005.34   2870.50  3287.25  1237.56  1543.23
   6     829.85   974.18   776.54    802.50   643.21  1237.56  1543.23  1011.00   2101.88  2532.99  2870.50  3287.25
   7    3100.00  3218.25  3005.34   2870.50  3287.25  3100.00  3218.25  3005.34   2870.50  3287.25  2870.50  3287.25
   8    1099.45  1573.75  1289.21   1100.00  1498.25  3100.00  3218.25  3005.34   2870.50  3287.25  1237.56  1543.23
   9    1237.56  1543.23  1011.00   2101.88  2532.99  3100.00  3218.25  3005.34   2870.50  3287.25  1237.56  1503.23
  10     829.85   974.18   776.54    802.50   643.21  1237.56  1543.23  1011.00   2101.88   532.99  2870.50  3187.25
  11    3100.00  3218.25  3005.34   2870.50  3287.25  3100.00  3218.25  3005.34   2870.50  3287.25  2870.50  3287.25
  12    1099.45  1573.75  1289.21   1100.00  1498.25  3100.00  3218.25  3005.34   2870.50  3287.25  1237.56  1543.23
  13    1237.56  1543.23  1011.00   2101.88  2532.99  3100.00  3218.25  3005.34   2870.50  3287.25  1237.56  1943.23
  14     829.85   974.18   776.54    802.50   643.21  1237.56  1543.23  1011.00   2101.88  2532.99  2870.50  3287.25
  15    3100.00  3218.25  3005.34   2870.50  3287.25  3100.00  3218.25  3005.34   2870.50  3287.25  2870.50  3087.25
  16    1099.45  1573.75  1289.21   1100.00  1498.25  3100.00  3218.25  3005.34   2870.50  3287.25  1237.56  1593.23
  17    1237.56  1543.23  1011.00   2101.88  2532.99  3100.00  3218.25  3005.34   2870.50  3087.25  1237.56  1943.23
  18     829.85   974.18   776.54    802.50   643.21  1237.56  1543.23  1011.00   2101.88  2532.99  2870.50  3087.25
  19    3100.00  3218.25  3005.34   2870.50  3287.25  3100.00  3218.25  3005.34   2870.50  3287.25  2870.50  3287.25
  20    1099.45  1573.75  1289.21   1100.00  1498.25  3100.00  3218.25  3005.34   2870.50  3287.25  1237.56  1543.23

Store #5
Item#     Jan      Feb      Mar   	 Apr		May		Jun		Jul		Aug			Sep		Oct      Nov      Dec
   1    1237.56  1543.23  1011.00   2101.88  2532.99  3100.00  3218.25  3005.34   2870.50  3287.25  1237.56  1543.23
   2     829.85   974.18   776.54    802.50   643.21  1237.56  1543.23  1011.00   2101.88  2532.99  2870.50  3287.25
   3    3100.00  3218.25  3005.34   2870.50  3287.25  3100.00  3218.25  3005.34   2870.50  3287.25  2870.50  3287.25
   4    1099.45  1573.75  1289.21   1100.00  1498.25  3100.00  3218.25  3005.34   2870.50  3287.25  1237.56  1543.23
   5    1237.56  1543.23  1011.00   2101.88  2532.99  3100.00  3218.25  3005.34   2870.50  3287.25  1237.56  1543.23
   6     829.85   974.18   776.54    802.50   643.21  1237.56  1543.23  1011.00   2101.88  2532.99  2870.50  3287.25
   7    3100.00  3218.25  3005.34   2870.50  3287.25  3100.00  3218.25  3005.34   2870.50  3287.25  2870.50  3287.25
   8    1099.45  1573.75  1289.21   1100.00  1498.25  3100.00  3218.25  3005.34   2870.50  3287.25  1237.56  1543.23
   9    1237.56  1543.23  1011.00   2101.88  2532.99  3100.00  3218.25  3005.34   2870.50  3287.25  1237.56  1503.23
  10     829.85   974.18   776.54    802.50   643.21  1237.56  1543.23  1011.00   2101.88   532.99  2870.50  3187.25
  11    3100.00  3218.25  3005.34   2870.50  3287.25  3100.00  3218.25  3005.34   2870.50  3287.25  2870.50  3287.25
  12    1099.45  1573.75  1289.21   1100.00  1498.25  3100.00  3218.25  3005.34   2870.50  3287.25  1237.56  1543.23
  13    1237.56  1543.23  1011.00   2101.88  2532.99  3100.00  3218.25  3005.34   2870.50  3287.25  1237.56  1943.23
  14     829.85   974.18   776.54    802.50   643.21  1237.56  1543.23  1011.00   2101.88  2532.99  2870.50  3287.25
  15    3100.00  3218.25  3005.34   2870.50  3287.25  3100.00  3218.25  3005.34   2870.50  3287.25  2870.50  3087.25
  16    1099.45  1573.75  1289.21   1100.00  1498.25  3100.00  3218.25  3005.34   2870.50  3287.25  1237.56  1593.23
  17    1237.56  1543.23  1011.00   2101.88  2532.99  3100.00  3218.25  3005.34   2870.50  3087.25  1237.56  1943.23
  18     829.85   974.18   776.54    802.50   643.21  1237.56  1543.23  1011.00   2101.88  2532.99  2870.50  3087.25
  19    3100.00  3218.25  3005.34   2870.50  3287.25  3100.00  3218.25  3005.34   2870.50  3287.25  2870.50  3287.25
  20    1099.45  1573.75  1289.21   1100.00  1498.25  3100.00  3218.25  3005.34   2870.50  3287.25  1237.56  1543.23
